40100000 401075e4
0408080881020281020281020240404001020201020240404040404040404040
0102020102024040404040404040404001020201020240404040404040404040
4040404040404040404040404040404001020201020240404040404040404040
4040404040404040404040404040404001020201020240404040404040404040
4040404040404040404040404040404004080808810202810202810202810202
8102810281028102810202810281028102028102810281028102810202810281
0281028102028102810281028102028102810202810202810202810202810202
8102024081028102810281028102810204080808040808088102028102028102
0281028102810281028102028102810281020281020281028102810202810281
0281028102810202810281020281020281028102028102028102028102810202
8102810281020281024040408102028102810281028102028102810281028102
8102028102404040810202810281028102810281028102028102810202810281
0281020281028102028102028102810281028102028102408102028102810281
0281020281028102810202810281028102028102810202810240404081020281
0281020281028102810202810281028102028102810202810281028102810202
8102810281028102028102810281020281028102028102810202810281028102
8102810204080808040808080408080881020281028102810281028102810281
0202810202810202810281020281028102810202810281020281020281028102
8102810281020281028102028102028102028102028102020408080804080808
8102028102810281028102810281028102810281020281028102810202810281
0202810202810281028102810202810281028102810281028102028102810202
8102028102028102028102810281020281028102028102028102810281020281
0202810202810202810202810202810202810202810202810202810202810202
8102810281028102028102028102028102810202040808080408080804080808
0408080881020281028102810281028102810281028102810202810281028102
0281020281028102028102810202810281028102028102810281028102810281
0281020281028102028102028102028102810281028102028102028102810281
0281028102810202810281028102028102028102810202810202810202810202
8102810202810281028102028102810202810202810202810202810202810281
0281028102810281028102028102810202810202810202810202810202404040
0408080804080808040808080408080881020281028102810281028102810281
0281028102028102810281020281028102810281028102810281020281028102
0281020281020281028102810281028102810202810202810281028102810281
0281020281028102810202810202810281020281020281020281020281020281
0281028102028102810202810202810202810202810202810281028102810281
0281028102810202810281020281020281020281020281020240404004080808
0408080804080808810202810281028102810281028102810281028102810202
8102810202810281020281028102810281028102810281020281028102810281
0202810281028102810281028102028102810202810202810202810281028102
8102810281020281020281028102810281028102810202810281028102028102
0281020281020281020281020281020281020281020281020281020281020281
0202810202810202810202400408080804080808810202810281028102810281
0281028102028102028102028102028102028102028102810281020281020281
0202810281028102810281020281024004080808040808088102028102028102
0281020281020281020281020281028102810202810240400408080804080808
8102028102810281020281028102028102028102028102028102810202810240
0408080804080808040808080408080881028102028102028102810202810202
8102810281020281020281028102028102810281028102810281020281020281
0202810202810202810202810281020281020281020281028102028102028102
8102028102404040040808080102020102010201020102020102020102020102
0102020102010202010240408102028102028102040808080408080804080808
0408080804080808040808080408080804080808040808080408080804080808
8102028102810281028102028102810281028102028102028102028102028102
8102028102028102028102028102028102810281028102028102028102028102
0281028102028102028102810281020281028102810202810202810281020281
0202810202810202810202810202810202810202810281020281020281028102
8102810281020281028102810281028102028102810281028102810202810202
8102028102028102810281028102810281020281020281028102810281028102
0281028102810281020281028102810281028102028102810281028102810281
0281028102810202810202810281020281020281020281028102028102810281
0202810281020281020281020281028102028102028102810202810202810202
8102024040408102028102810202810202810281020281020281020281020240
4040810281020281020281028102028102810281020281028102028102028102
8102028102810281020240400102010204080808040808080408080804080808
0408080881020281028102810202810202810202810202810202810202810202
8102028102028102028102028102028102028102028102810202810281028102
8102810202810202810281020281020281028102810202810240404004080808
0408080804080808040808080408080804080808810202810281028102810281
0281028102028102028102810281020281020281020281020281020281028102
0281020281020281020281020281020281020281020281020281020281020281
0202810202810202810202810202810202810202810202810281020281020281
0281028102028102028102028102810281020281020281028102028102028102
0281020281020281020281020281020281020281020281020281020281020281
0202810202810202810202810202810202810202810202810202810281020281
0202810281028102810281020281020281028102810202810202810202810202
8102028102028102028102028102028102810202810202810281028102028102
0281028102810202810202810202810281020281020281028102810281028102
0281028102810281020281020281028102028102810281020240404004080808
0408080804080808040808080408080801020201020102020102020102020102
0201020201020201020102020102020102010202010240400408080804080808
0102020102010202010202010202010202010201020201020201020102020102
0408080804080808010202010201020201020201020201020201020102020102
0201020102020102040808080408080801020201020102020102020102020102
0201020102020102020102010202010204080808040808080408080881020281
0281028102028102810281020281020281028102028102028102810202810240
0408080804080808810202810281020281020281028102028102810281028102
0281020281020281028102810281020281020281028102028102404004080808
0408080881028102810202810202810202810202810202810202810202810202
8102810204080808040808088102810281020281028102028102028102028102
0281020281020281020281020281020281020281020281028102810202810281
0202810202810281020281020281028102028102028102810281020281024040
0408080881020281028102028102028102028102810202810240404004080808
0408080881020281028102028102028102028102028102028102028102028102
0281020281020281020281020281020281028102810202810202810202810202
8102028102028102810281028102028102028102028102028102028102028102
8102028102810202810202810202810202810202040808080408080804080808
0408080881020281020281020281020281020281020281028102028102028102
8102028102028102028102028102028102028102028102028102028102028102
0281020281020281020281020281020281020281020281020281028102810202
8102028102028102810202810281028102810202810281020281020281028102
0281020281020281020281020281020281020281020281020281020281020281
0202810202810202810202810202810202810202810281020281020281020281
0281024081020281020281020281020281028102810202810281028102028102
8102028102810202810281020281028102028102810202810202810281028102
8102810281028102028102810281028102810281028102810281028102810202
8102810202810240040808080408080804080808040808088102028102810202
8102028102028102810202810202810202810202810202810281020281024040
0408080804080808040808088102028102028102028102028102810281028102
0281028102028102028102028102028102028102028102028102028102028102
0281020281020281020281020281020281020281028102028102810281028102
8102810281020281024040400102020102010202010201020201020102020102
0201020102020102020102010202010281028102028102028102028102810281
0202810281024040040808080408080804080808040808080408080804080808
0408080804080808040808080408080804080808040808080408080804080808
0408080804080808040808080408080804080808040808080408080881020281
0202810202810202810202810202810202810202810202810202810202810202
8102028102028102810202810281020281028102028102028102810281020281
0202810281020281020281028102028102028102028102028102028102810202
8102028102028102810202810202810281028102028102028102810202810281
0281020281020281020281020281020281020281020281020281020281020281
0202810202810202810281020281020281028102810281028102028102028102
8102028102810202810202810202810281020281020281028102810202810202
8102810202810202810281020281020281028102028102028102028102810202
8102028102028102028102028102028102810202810281028102028102028102
0281020281020281020281020281020281020281020281020281020281028102
0281020281020281020281020281020281020281020281020281020281020281
0202810202810202810202810202810281020281028102028102028102028102
0281028102028102028102810202810202810202810202810202810202810202
8102028102028102028102028102028102028102028102028102028102024040
8102028102028102810281028102028102028102028102028102810202810202
8102810202810202810281020281020281028102028102810202810202810202
8102028102028102028102028102028102028102028102028102028102028102
0281028102810202810202810202810202810281020281020281020281028102
8102028102810202810202810202810202810281020281020281020281020281
0202404040810281020281020281020281020281020281020281020281020281
0281020281020281020240400408080804080808040808088102028102028102
0281020281020281020281028102028102810202810202810202810202810202
8102028102028102028102028102028102028102028102028102810202810202
8102028102810281028102028102404004080808040808088102028102028102
0281020281028102810202810202810281028102028102028102028102028102
0281020281028102028102810202810281020281020281020281020281020281
0202810281020281020281020281028102028102810281028102810202810240
8102810281028102810281028102810204080808040808080408080804080808
0408080804080808810202810202810202810202810281028102028102810281
0281028102810202810281020281028102810202810281020281020281028102
8102028102028102028102028102028102028102810281020281020281028102
0281028102028102810281028102810281028102028102028102028102028102
0281020281028102028102810202810281028102810281020281020281020281
0202810202810202810202810281028102810202810240400408080881020281
0281028102810202810202810202810281028102810202810281028102028102
8102810281028102810202810202810281020281028102810202810281028102
8102028102810202810281020281020204080808010201020102010202010201
0202010202010201020201020408080804080808040808080408080804080808
0408080804080808040808080408080804080808040808080408080804080808
0408080804080808040808088102028102810281028102810281028102810281
0281028102028102028102028102028102028102028102028102028102028102
0281020281028102810202810202810202810202810202810202810202404040
8102028102028102028102028102028102024040408102810202810281020281
0202810281020281020281020281020281020281020281020281020281028102
0240404081020281020281020281020281020281028102028102810202810202
8102028102028102028102810281020281020281020281020281020281020281
0202810202810202810281020281028102028102028102028102028102028102
0281028102810202810202810202810281028102810281028102028102810202
8102028102028102028102024040408102028102028102028102810202810281
0202810281020281020281020281020281020281020281020281020240404081
0202810202810202810202810202810281020281028102020408080881020281
0281028102810281020281028102810202810281028102810281024004080808
0408080804080808040808088102028102028102028102028102028102028102
0281020281020281020281028102028102028102028102028102810202810202
8102028102810281020281020281028102028102810202810202810281028102
8102810281020281020281020281020281020281020281028102028102810202
8102028102028102028102028102028102028102028102408102028102810281
0202810281028102028102028102810281028102810281028102028102810281
0240404081020281020281020281028102028102028102028102028102810240
0408080804080808040808088102028102810281028102810281028102810202
8102028102028102810281020281020281028102810202810281028102810281
0202810202810281028102028102810281028102028102810202810202810281
0281028102028102028102028102810281028102810202810281028102810202
8102810281020281028102028102810281028102028102028102810281028102
0281020281028102810281028102810202810281028102028102810281028102
8102810281020281020281028102024004080808810202810281028102810281
0202810202810202810281020281020281028102028102028102810202810202
8102028102028102028102810281028102810281020281020281020281028102
8102028102404040810281020281028102810281020281028102810202810281
0281028102810202810202810281028102810202810240408102810281020281
0281028102810281020281028102028102404040810202810281028102810281
0281028102810281028102810281028102810202810281028102810281028102
0281020281028102810281020281028102810281028102810281020281024040
8102028102810202810281028102028102810281020281028102810281028102
8102810202810202810281020281028102810281028102810202810281028102
8102024004080808040808080408080881020281028102028102810281028102
0281028102810202810202810281028102028102810202810281028102810281
0202810202810202810202810202810202810202810202810202810281028102
0281020281020281028102028102028102810202810281020281020281028102
8102810281020281020281020281020281020281020281020281020281028102
8102028102028102810202810281020281028102028102028102028102028102
8102810281028102810202400408080881020281020281020281020281020281
0202810202810202810202810202810281020281020281020281020281020281
0281020281020281028102400408080881020281020281020281020281028102
0281020281028102028102028102028102028102028102028102404004080808
0408080804080808040808080408080804080808040808080408080804080808
8102028102810281020281020281028102028102028102810202810202810281
0202810202810202810202810281020281028102028102028102810202810202
8102028102028102028102028102028102810202810202810281028102028102
8102028102028102810202810202810281020281020281028102028102028102
8102028102810202810202810281020281020281028102028102028102810202
8102028102810202810202810281020281020281028102028102028102810202
8102028102810202810202810281020281020281028102028102028102028102
0281020281028102028102028102810202810281020281020281028102028102
0281020281020281020281020281020281020281020281020281020281020281
0202810202810202810202810202810202810202810202810202810202810281
0202810281020281028102028102810202810202810202810281028102028102
0408080881020281028102028102028102028102810202810202810281020281
0202810202810202810202810281020281028102810202810281020281020281
0202810202810202810202810202810202810202810202810240404004080808
8102028102810281020281020281028102810202810202810281020281028102
8102028102404040040808080408080804080808810202810281028102028102
0281020281020281028102028102028102028102810202810202810281028102
0281020281028102810202810202810202810202810281020281020281020281
0281028102028102040808080408080804080808040808080408080881020281
0281028102810281028102028102028102810202810202810202810202810202
8102028102810202810281028102028102810281020281028102810202810202
8102810202810202810202810281028102028102028102028102028102028102
0281020281020281020281020281028102028102028102810281020281028102
0281020281028102028102028102810202810202810281020281020281028102
8102028102810281028102028102028102810202810202810281020281020281
0202810202810202810202810281028102810202810202810202810202810202
8102810202810202810281020281020281028102028102028102810202810202
8102810202810202810281020281020281028102028102028102810202810202
8102810202810202810281020281028102028102028102810202810281020281
0202810281020281020281020281020281020281020281020281028102028102
8102028102810281020281020281028102810202810281028102810202810240
0408080804080808040808080408080881020281028102810281028102810281
0202810202810281020281020281020281020281020281020281028102028102
8102810202810281028102028102810281020281020281028102028102028102
0281028102810202810202810202810202810202810202810202810202810202
8102028102810202810202810281028102028102810202810202810281020281
0202810281020281020281028102028102028102810281020281028102810281
0202810202810281020281020281028102028102028102028102028102028102
0281028102810281020281020281020281020281020281028102028102028102
8102028102028102810202810202810281020281020281028102028102028102
8102028102028102810202810202810281020281020281028102028102028102
8102028102810202810202810281020281020281028102028102810202810202
8102810202810202810202810202810281020281028102028102810281020281
0202810281028102810202810281020281024040040808080408080881020281
0281020281020281020281028102810202810202810202810202810202810202
8102028102810202810281028102028102028102810202810202810202810202
8102028102810202810202810281020281028102810202810202810281020281
0202810202810281020281028102810202810202810281028102028102810202
8102028102028102024040400408080881020281028102810202810202810202
8102028102810202810202810281020281028102810202810240404004080808
8102028102810202810202810281020281020281028102028102810202810202
8102028102810281020281020408080881020281028102810281028102810281
0281028102028102028102810202810281020281020281020281020281020281
0281028102810202810202810281020281028102810281028102028102404040
0408080881020281028102810281028102810281028102810281020281020281
0281028102028102810281028102028102028102810202810202810281028102
8102028102810202810281028102810281028102810202810240404004080808
0408080804080808040808080408080881020281020281020281020281028102
8102810202810281028102028102028102028102810202810202810202810202
8102028102028102028102028102028102028102028102028102028102810202
8102810281020281020281028102810281020281020281028102810281020281
0202810202810281020281020281020281020281020281020281020281028102
0281020281028102810202810281020281020281028102028102028102810202
8102028102810202810202810281020281028102810202810202810281020281
0202810281020281020281028102028102028102810202810202810281020281
0202810281020281020281028102028102028102810202810202810281020281
0202810281020281028102028102028102810202810202810281020281028102
0281020281028102028102028102028102028102810202810281020281028102
8102028102028102028102810202810281028102028102028102028102028102
0281020281020240404081020281020281028102810281028102028102404040
0408080804080808040808080408080881020281020281020281020281020281
0202810202810202810281020281020281020281028102810202810240404081
0202810202810202810202810202810281020281020281020281020281020240
0408080804080808040808080408080804080808040808088102028102810281
0281028102810202810202810202810202810202810202810202810202810281
0202810202810281020281028102028102810281020281020281020281020281
0281028102810202810202810281020281020281020281028102028102028102
0281028102810281020281028102810202810281020281020281020281028102
0281020281020281028102810281028102810281028102028102404004080808
0408080804080808040808088102028102028102810281028102810202810202
8102028102028102028102028102028102028102028102810202810202810281
0202810281028102028102028102028102028102028102028102810202810281
0281028102810202810202810202810281028102810281020281028102028102
0281028102028102810202810202810281020281020281020281020281020281
0202810202810202810202810281020281020281028102028102028102028102
0281020281028102810202810281020281020281020281020281020281020281
0202810281020281020281020281028102028102810281020281020281028102
0281024004080808040808080408080804080808040808080408080804080808
8102028102028102028102028102028102028102028102028102028102028102
0281020281020281020281020281020281020281020281020281020281020281
0202810202810202810202810202810202810202810202810202810281020281
0281020281020281020281028102028102028102810202810202810202810202
8102810281028102028102028102810202810202810281020281020281020281
0281020281028102810281020281020281020281020281020281020281020281
0281028102028102028102028102028102028102028102028102028102028102
0281020281020281020281020281020281020281028102810202810281020281
0202810202810281028102810202810202810202810202810281020281020281
0202810202404040040808088102028102028102810281020281020281020281
0202810281020281020281020281020281020281020281020281020281028102
0281024004080808040808088102028102810281020281020281020281028102
0281020281020281020281020281020281020281028102028102810281020281
0281020281020281028102028102028102028102028102028102028102028102
0281028102028102810202810202810281020281020281028102810281020281
0202810202810281028102810202810202810281020281028102810281020281
0281020281020281020281020281028102810202810240400408080804080808
8102028102028102810202810202810281024040040808088102028102810202
8102028102810202810281020281028102028102028102028102028102028102
8102810202810240810202810202810281028102028102810202810202810202
8102028102810281020281028102028102028102028102028102810202810281
0281020281020281020281028102028102028102810202810202810281024040
8102028102028102810281020281028102028102028102028102028102810281
0202810281020281020281020281020281028102028102810281020281020281
0202810202810202810281028102028102028102810240400408080881020281
0202810281028102028102028102028102810281020240408102028102810281
0202810202404040810281028102028102404040810202810281028102028102
8102028102404040040808088102028102810202810281028102810202810202
8102810281028102028102400408080881020281028102810281020281020281
0202810202810202810202810202810281024040040808088102028102810240
0408080804080808040808080408080804080808040808080408080881028102
0281028102028102810281028102810281028102810202810202810202810202
8102810202810202810202810281020281020281020281020281020281020281
0202810202810202810202810202810202810281020281020281020281028102
8102810202810202810202810202810202810202810202810202810202810202
8102810281020281020281020281028102810281020281020281020281020281
0202810202810281020281020281020281020281028102810281028102028102
8102810202810202810202810202810281020281020281020281020281020281
0202810202810202810202810202810202810202810202810202810281028102
8102028102810202810202810202810202810281020281020281020281020281
0202810281020281020281020281028102028102028102810281020281020281
0281020281020281020281020281020281020281028102028102028102028102
0281028102028102028102028102028102810202810202810202810202810202
8102028102028102028102028102810281020281028102028102028102028102
8102028102028102028102810281028102028102810281020281028102810281
0202810281020281028102028102028102028102028102028102028102028102
0281020281028102028102028102028102028102028102028102028102028102
0281020281020281020281028102028102028102028102028102028102028102
0281020281020281028102810281020281028102810202810281020281024040
0408080804080808040808088102810281028102028102028102028102810281
0281028102028102810281028102810202810281028102028102028102028102
8102810202810202810281028102810202810202810202810202810202810202
8102028102028102028102028102028102810202810202810202810281020281
0281020281020281028102028102810202810202810202810281020281028102
0281020281020281028102810202810281020281028102810202810202810202
8102810202810202810202810202810202810202810281028102810202810202
8102028102028102810202810281028102028102028102810202810281028102
8102028102810202810202810281020281020281020281028102028102028102
8102028102028102810281020281028102028102028102810202810281028102
0281020281020281020281028102810281020281028102810202404081028102
8102028102810202810281020281020281020281020281020281020281020281
0281028102028102040808080408080804080808810202810281028102028102
0281028102028102028102028102028102028102028102028102028102810202
8102810202810202810202810202810202810202810202810202810202810202
8102028102028102028102028102028102810281020281020281024081020281
0202810202810202810240400408080804080808040808080408080881020281
0202810202810202810202810202810202810202810202810202810202810202
8102028102028102028102028102028102028102810202810240404004080808
0408080881028102028102810281020281028102810202810202810281020281
0240404081020281028102408102028102810202810281028102028102810281
0202810281020281020281020281024004080808040808088102028102810281
0281020281028102028102028102028102028102028102028102028102028102
0281020281020281020281020281020281020281020281020281020281020281
0202810202810202810202810202810202810202810202810202810202810202
8102810202810202810281020281028102028102028102028102810281028102
8102028102028102028102028102028102028102028102028102810202810281
0281028102028102810281020240404004080808040808080408080804080808
0408080804080808040808088102028102028102810202810281020281020281
0202810202810202810202810281020281020281028102810202810281020281
0202810202810202810202810202810202810202810202810202810202810202
8102028102810202810202810281020281020281020281020281020281028102
0281020281028102028102028102028102028102028102028102028102028102
0281020281020281020281020281020281020281020281020281020281020281
0202810202810202810202810202810202810202810202810202810202810202
8102810281020281020281020281020281020281020281020281028102810202
8102028102028102028102028102810202810202810202810202810202810202
8102028102028102028102028102028102028102028102028102028102028102
0281020281020281028102028102028102028102028102810202404081020281
0281028102028102028102028102028102028102810281020281020281020281
0202810202810240040808088102028102810202810202810281028102810202
8102810281028102028102810202810202810202810281028102810281028102
8102028102028102028102810281028102810202040808088102028102028102
8102028102810240040808088102810202810202810202810202810281020281
0240404004080808040808088102028102810202810281028102810202810202
8102028102028102028102028102028102028102028102810202810281020281
0281020281024040810202810281020281028102810281020281020281020281
0202810202810202810202810202810202810202810202810281020281024040
8102028102810202810281020281024004080808040808080408080804080808
8102810202810202810281028102810281028102028102810281020281028102
0281028102028102810202810281028102028102810202810202810202810202
8102028102810281020281020281020281020281020281020281020281020281
0281028102810281028102028102810281020281028102810202810202810202
8102810202810202810281020281020281020281020281020281028102028102
8102028102810202810202810202810281020281020281020281020281020281
0202810202810202810202810202810281028102810281020281020281020281
0202810281028102028102028102028102810281028102810281028102028102
8102028102028102028102028102028102028102810202810202810281028102
0281020281028102028102028102028102028102028102028102028102028102
0281020281028102810202810202810202810281028102028102028102028102
0281028102028102810202810202810281020281020281020281020281020281
0202810281020281020281020281020281020281020281020281020281020281
0202810202810281020281020281020281020281020281020281020281020281
0281028102810281028102028102028102028102028102028102028102028102
8102028102028102028102028102028102028102028102028102028102028102
0281020281020281028102028102810202810202810202810202810281020281
0202810202810202810202810202810202810281020281028102028102028102
0281020281020281020281020281020281020281028102028102810281028102
8102028102028102028102810202810202810281028102028102028102028102
0281020281020281020281020281020281028102810281020281028102028102
0281028102028102028102810202810202810281028102028102028102810202
8102810202810202810281020281028102028102028102028102028102810202
8102028102810202810202810202810202810281028102028102028102028102
0281028102028102810202810202810202810281020281020281020281020281
0202810202810202810281020281020281028102810281020281028102810281
0202810202810281020281020281028102810281028102028102810202810202
8102028102810202810281020281020281028102810202810202810202810202
8102810281020281020281028102810202810202810281028102810281020281
0202810202810202810281028102028102810281020281028102028102810281
0202810281028102810202408102028102810281028102810281028102810281
0202810202810281028102028102028102028102028102810202810202810202
8102028102028102810202810281028102028102028102028102810202810240
8102028102028102810281020281028102028102028102810202810202810202
8102028102028102028102028102028102028102028102028102028102028102
0281020281020281020281020281028102028102028102028102028102028102
0281020281028102810202810202810202810281020281028102028102810202
8102028102810202810202810202810281028102810281020281020281020281
0202810202810202810202408102028102810281028102810281020281020281
0202810202810202810202810202810281028102810281020281020281020281
0202810202810202810202810202810202810202810202810202810281028102
0281028102810281028102810281020281028102028102028102810202810202
8102810202810281020281020281020281028102810202810281020281020281
0202810202810202810281020281020281020281020281028102810281020281
0281020281020281020281020281020281020281020281020281020281020281
0202810202810202810281020281020281020281020281020281020281020281
0202810281028102028102028102028102810281028102028102028102028102
8102028102028102028102028102028102028102028102810202810281020281
0202810202810202810202810202810202810202810202810202810202810202
8102028102028102028102028102028102810281028102028102028102028102
0281020281020281020281020281020281020281020281028102810281028102
0281020281020281028102028102028102028102028102028102810281020281
0281028102028102810281028102028102028102028102028102028102028102
0281020281020281020281020281020281020281028102810281028102810281
0281028102810281028102810281028102028102028102028102810281020281
0202810281028102028102028102028102028102028102028102028102028102
0281028102810281028102810202810281020281020281020281024081028102
0281028102810202810281020281024081028102028102810281028102810281
0281028102810202810202810281020281024040810202810281020281028102
0281020281020281020281020281020281020281020281020281020281028102
0281028102810202810202810202810281020281020281028102810281028102
8102028102028102028102028102028102028102028102028102028102810281
0281020281020281020281020281028102810281020281020281028102810202
8102810202810240810202810281028102028102028102408102028102028102
0281020281020281028102028102810281028102810281020281020281028102
0281028102810281028102810202810202810281020281028102810281020281
0281020281028102810281020281020281020281028102810202810281028102
8102028102028102028102028102028102028102028102028102810202810281
0202810281028102028102810281020281028102810281020281028102810202
8102810202810240810281020281020281028102810281028102810281020281
0281020281028102028102810281020281020281028102028102810281020281
0281028102028102028102028102028102028102028102028102028102028102
0281020281020281020281020281020281028102810281028102810281020281
0202810281028102028102028102028102028102028102810202810202810202
8102810202810281028102810281028102028102028102810281020281028102
0281020281020281020281020281020281020281020281020281028102028102
0281020281020281020281020281020281020281020281020281020281020281
0202810281028102810281020281028102028102028102028102810202810202
8102028102028102028102028102028102028102810281020281028102028102
0281020281020281020281028102028102028102810202810202810281020281
0281028102028102810281020281020281020281020281028102810202810202
8102028102810202810202810281028102028102810281020281020281028102
0281028102810202810202810202810202810281020281020281028102810281
0281020281028102810281028102810202810202810202810202810281020281
0202810281028102028102028102028102028102028102028102028102028102
8102810281028102810202810281028102810202810281028102028102810202
8102810202810281028102028102810281028102028102028102810202810281
0281020281020281028102810202810281028102810202810202810202810202
8102028102810202810202810202810281020281020281028102810281028102
8102028102028102028102028102028102028102810281020281020281020281
0281028102810202810202810202810202810202810281028102810202810202
8102028102028102810202810202810281028102810281028102028102028102
0281028102810202810202810202404040810281028102028102028102810202
8102810281028102028102810202810281020281028102810281020281020281
0281028102028102810202810281028102810281020281020281020281028102
8102028102028102810202810281020281028102028102810202404004080808
0408080881020281028102810281020281020281020281020281020281020281
0202810202810202810202810202810281020281020281020281020281020281
0281020281020281028102028102028102028102028102028102028102028102
0281020281020281020281020281020281020281020281020281020281020281
0202810202810202810281020281028102810202810202810202810202810202
8102810281020281020281028102028102810202810202810202810202810202
8102028102810281020281020281020281020281020281028102028102810202
8102810281020281020281028102028102024040040808088102028102810281
0281028102810202810202810202810202810202810202810202810202810202
8102028102810281028102028102028102028102028102028102028102028102
0281020281020281020281020281020281028102810281028102810202810240
8102028102028102028102028102028102028102810202810202810202810202
8102810281020281028102810281020281020281020281020281020281020281
0281020281020281020281020281020281020281020281020281020281020281
0202810281028102810281028102028102404040810202810281020281020281
0202810202810202810202810202810202810202810202810281028102028102
0281020281020281020281020281020281020281028102028102810202810202
8102028102028102028102028102810202810202810281020281028102810202
8102024001020281020281020281028102028102810281020281020281020281
0202810281028102810240400408080881020281028102810281028102810281
0202810202810202810202810202810202810202810202810202810281020281
0281020281020281020281028102028102028102028102028102810202810202
8102028102028102028102810202810202810202810281020281020281020281
0281020281020281028102810202810281020281020281028102028102810202
8102028102028102028102028102810281020281020281020281020281020281
0202810202810202810202810202810202810202810202810202810202810202
8102028102810202810202810281020281028102028102028102028102810281
0202810202810281020281028102810281020281028102028102028102028102
8102028102810281020281020281028102028102810202810202810281028102
0281020281020281020281020281020281020281020281020281020281028102
8102810202810202810202408102028102028102028102810281028102810281
0202810202810281020281020281020281020281028102810202810281020281
0281020281028102028102810281028102810202810281028102810202810281
0202810202810202810281020281028102028102028102028102810281028102
0281020281020281028102810281020281028102028102028102028102810202
8102028102810202810281028102028102810202810202810281020281020281
0202810202810202810281028102028102810202810202810281020204080808
8102028102028102810281028102028102810202810281020281028102028102
0281020281020281020281020281028102028102028102028102028102028102
8102810202810281020281020281020281028102028102028102028102810202
8102810202810281028102028102028102028102810202810202810202810281
0202810202810202810202810202810202810202810202810202810202810202
8102028102028102810281028102028102028102028102028102810202810281
0202810202810202810281028102028102028102810202810281028102810202
8102810202810202810202810281028102810202810281020281028102028102
0281028102810202810202810202810202810202810202810202810202810202
8102028102810281020281028102028102024040810202810202810202810281
0202810202810202810281028102028102028102028102028102028102028102
8102028102810202810240408102028102810202810202810202810281020281
0202810202810202810202810202810202810202810281020281028102028102
8102028102028102810202810202810202810202810202810281020281028102
0281024081020281020281020408080881020281028102810281028102810202
8102028102028102810202810202810202810202810202810202810202810202
8102028102028102028102028102028102028102028102028102028102810202
8102028102028102028102028102810202810202810202810202810202810202
8102024040408102810202810281028102810202810281028102028102028102
0281020281028102028102020408080881020281028102810281020281020281
0202810281020281020281020281020281020281020281020281020281028102
0281020281020281020281020281020281020281028102028102028102028102
0281020281020281020240404081020281028102810202810281028102028102
8102028102028102028102028102028102028102024040400408080804080808
8102028102810281020281020281020281020281028102028102028102028102
0281020281020281020281020281020281028102810202810202810202810202
8102028102028102810202810202810202810202810202810202810202810202
8102028102028102028102028102028102028102028102028102028102028102
0281020281020281020281020281020281020281020281020281020281020281
0281020281020281020281020281028102028102028102028102028102028102
0281020281020281020281020281020281020281020281020281020281028102
8102028102028102810281020281028102810281020281020281020281028102
0281020281028102028102028102028102028102028102028102028102810202
8102810202810240810202810202810202810202810281020281028102810281
0202810202810281020281028102028102404040810202810281028102810281
0202810281028102028102028102810202810281020281028102810281028102
0281020281028102810281020281020281028102810202810240404081020281
0202810202810202810202810281020281024040810202810281028102028102
0281020281020281020281020281020281020281028102810240404004080808
0408080804080808810202810202810202810202810202810202810202810202
8102028102028102028102810281028102810202810281020281028102028102
8102810281020281028102028102028102028102028102810202810202810202
8102028102028102028102028102028102028102028102810281028102028102
0281028102028102810202810281020281020281028102028102404081020281
0202810202810202810281020281020281028102028102810202810202810281
0202810281020281028102810202810202810281020281020281020281020281
0202810202810202810202810281028102028102028102028102028102810281
0202810281028102810281020281024081020281020281028102028102810202
8102810281028102810281028102028102810281028102028102810281020281
0281028102810281020281028102404081020281020281028102028102810281
0281028102810281028102028102810281028102810240408102810202810281
0281020281020281020281028102810281028102028102810281024081020281
0281020281028102028102408102028102810202810281020281028102028102
8102810202810240040808080408080804080808810202810281028102028102
0281020281020281020281020281020281020281028102810202810281028102
0281028102028102810202810202810281028102028102810281020281024040
8102028102810281020281028102810202810281020281028102028102028102
8102028102810202810281020281020281020281020281020281028102028102
8102810281028102810202810281028102810281028102028102810281028102
8102028102810281028102028102810202810202810202810202810281028102
8102028102028102810281020240404081020281028102810281028102810281
0202810202810281028102028102810202810281020281028102028102028102
0281020281028102028102028102810281020281020281020281028102028102
0281028102810281028102810202810202810281020281020281020281020281
0202810202810202810202810202810202810202810281020281020281020281
0202810202810202810202810202810202810202810202810202810202810281
0281020281020281020281020281020281020281028102810281020281020281
0202810281028102810202810202810281020281020281028102810281028102
8102810202810240810281020281020281028102810202810202810281020281
0281020281020281020281020281020281028102028102810202810281028102
0281028102810281028102810281028102810202810281020281020281020281
0281028102810202810281020281028102810281020281028102810281028102
8102810202810202810202810281020281020281020281020281020281020281
0202810202810202810281020281028102028102810202810202810202810202
8102028102028102024040408102810281020281020281028102810281028102
0281028102810202810281020281020281020281020281028102028102028102
8102028102028102028102028102810202810202810281028102028102810281
0281028102810202810281028102028102028102028102028102028102028102
0281028102028102028102028102028102028102028102028102028102028102
0281020281020281028102810202810202810202810202810202810202810281
0202810202810281020281020281020281020281020281020281020281028102
0281020281020281020281028102028102028102028102028102810202810202
8102028102028102028102028102810202810202810202810202810281020281
0202810202810281020281020281020281020281020281020281020281028102
0281028102028102028102028102028102028102810202810202810202810202
8102810202810202810202810202810202404040810202810281028102810281
0281028102028102028102028102810281020281020281020281028102028102
0281020281020281020281028102810202810202810202810202810281020281
0281020281020281028102028102810281028102810281028102810202810202
8102028102028102810281020281028102810202810202810202810202810281
0202810202810281020281020281020281028102810281020281028102810202
8102028102028102810202810281020281020281020281028102028102028102
0281028102810281028102810202810202810281028102810281020281020281
0281028102028102028102810281020281020281028102028102810281028102
8102810281020281028102810202404081028102028102810281028102810202
8102028102810202810281020281024004080808810202810281028102810202
8102028102028102810281020281028102028102028102810202810281028102
0281020281020281020281020281028102028102810281028102028102028102
8102810281020281020281020281020281028102810202810202810281020281
0202810202810202810202810202810202810281028102810281020281024040
8102028102810202810281020281020281020281020281020281028102810202
8102404004080808810202810281028102810202810281028102810202810281
0202810281028102028102028102028102810281028102810281028102810202
8102028102810281020281028102028102810202810202810202810281028102
8102028102810202810202810202810202810202810202810202810202810281
0202404004080808810202810202810202810202810281028102028102028102
0281028102028102028102028102028102028102810202404040810281020281
0202810202810202810202810202810202810202810202810281020281020281
0281020281020281028102810281020281020281024040408102028102028102
8102028102810202810202810281028102028102040808088102028102028102
0281024081020281020281020281024004080808810202810202810202810202
8102028102028102810202810281028102810281028102028102810281028102
0281028102810281028102028102810281028102810281020281020281024040
8102028102810281020281028102028102028102810202810281020281028102
8102810202810202810281028102810281028102028102028102404081020281
0202810202810202810202810281020281020281020281020281028102028102
0281028102810202810202810240404081020281020281028102810281024040
0408080801020201020201020201020102020102020102020102020102020102
0201020201020201020201020201020201020201020201020201020201020201
0202010202010201020102010201020102010201020102010201020102010201
0201020102010201020102010201020102010240010201020201020201020201
0202010202010202010202010201020102010201020102010201020102404040
0408080881020281020281028102028102810281028102028102028102028102
0281024004080808040808088102028102810281028102810281020281020281
0202810202810202810202810202810202810202810202810202810202810202
8102028102028102028102028102028102810202810202810202810202810202
8102028102028102028102028102028102028102028102028102810202810202
8102028102028102028102810202810281028102810202810281020281020281
0202404081028102028102810202810281020281028102028102810281028102
8102810202810202810281028102028102028102028102028102810202810281
0202810281028102810281028102028102028102810202810202810202404040
8102028102810202810202810202810281020281020281028102810281020281
0281020281020281020281028102028102028102028102028102028102028102
0281020281028102028102028102028102028102028102028102028102028102
0281028102028102810202810202810202810202810202810202810202810202
8102028102810202810281020281020281020240810202810202810202810202
8102810202810202810202810202810202810281020281020281020281020281
0281020281020281020281028102028102028102028102028102028102810202
8102810202810202810202810240404081024040040808080408080804080808
0408080804080808040808088102028102028102810281028102810281020281
0281028102028102028102028102028102810202810202810281020281020281
0202810202810202810202810202810281020281028102810281020281020281
0202810202810202810202810202810202810202810281020281028102028102
8102810202810202810281020281028102028102028102810202810281020281
0202810202810202810202810202810281020281020281020281020281020281
0202810202810202810202810202810202810202810202810202810281020281
0202810202810202810202400408080881028102028102028102028102810281
0281028102810202810202810202810281028102028102028102028102028102
0281020281020281020281020281020281020281020281020281028102810281
0202810202810202810202810202810202810202810202810202810202810202
8102028102810202810202810202810202810202810202810202810202810202
8102028102028102024040400408080881020281020281020281020281028102
0204040404040404040404040404040404040404040404040404040404040404
0404040404040404040404040404040404040404040404040404040404040404
0404040404040404040404040404040404040404040404040404040404040404
0481028102028102810281020102010202010202010201020201020201020201
0202010202010202010202010202010202010202010201020201020201020201
0202010202010202010202010201020201020201020102020102020102020102
0201020201020201020201020102020102020102010202010202010202010202
0102020102020102020102010202010202010201020201020201020201020201
0202010202010202010201020201020201020102020102020102020102020102
0201020201020201020201020201020102020102020102020102020102020102
0201020201020102020102020102010202010202010202010202010202010202
0102020102010202010202010201020201020201020201020201020201020201
0202010201020201020201020102020102020102020102020102020102020102
0201020201020201020102020102020102020102020102020102020102020102
0102020102020102010202010202010202010202010202010202010202404040
0408080804080808040808088102028102810281028102810281028102028102
0281020281028102810202810281020281020281028102028102028102028102
0281028102028102028102810281020281028102810202810202810202810202
8102028102028102810281028102028102028102028102028102810202810202
8102028102028102028102028102028102810281028102028102810202810281
0202810202810202810202810281020281028102028102810202810202810202
8102028102810202810281020281028102028102810202810202810202810281
0202810202810202810202810202810202810202810202810202810281020281
0202810202810202810202810202810202810202810202810202810202810202
8102028102028102028102028102028102028102028102028102028102028102
0281020281020281020281020281020281020281020281020281020281020281
0202810202810202810202810202810202810202810281020281028102810281
0202810202810202810202810281028102810281028102028102810202810281
0202810202810202810202810202810281020281020281020281020281020281
0202810202810202810202810202810202810202810202810202810202810202
8102028102028102810202810202810202810202810202810202810202810281
0202810281020281020281020281020281020281020281020281020281020281
0202810202810202810202810202810202810202810202810202810281028102
0281020281020281020281028102810202810202810202810202810202810202
8102028102028102028102028102028102028102028102028102028102810202
8102028102028102810202810202810202810281024040408102810202810281
0202810202810202810202810281020281020281020281020281028102028102
8102028102810202810202810202810202810281020281028102028102810281
0281020281020281020281028102028102810281028102810202810202810202
8102810202810281028102810281020281020281020281028102028102810281
0281028102028102028102028102810202810281028102810281020281020281
0202810281020281028102810240404004080808810202810281020281020281
0202810202810202810281020281028102810281020281020281028102028102
8102810281028102028102028102028102810281028102810281028102028102
0281020281028102810202810281020281020281020281020281020281028102
0281020281020281020281020281020281020281020281020281020281020281
0202810281020281020281020281020281028102810281028102810281028102
8102028102810281028102810202810202810202810202810202810202810281
0281028102028102810281028102810281020281020281028102028102810202
8102810281028102028102028102810202810281028102810281020281024040
0408080881020281028102810281028102810202810281028102810281020281
0281028102810281028102028102810202810240810281020281028102028102
8102028102810281028102810202810281028102028102028102810202810281
0202810204080808040808080408080881020281020281020281020281028102
0281028102810281028102810281028102810281020281028102028102810281
0202810202810202810202810202810202810202810202810202810202810202
8102028102028102028102028102028102028102810202810281028102028102
0281020281020281020281020281020281020281020281028102028102028102
0281028102028102810281020281028102028102810281020281020281028102
8102028102028102028102810281020281028102028102028102028102810281
0281020281020281020281020281028102028102028102810202810202810202
8102028102028102028102810281028102810281020281020281020281028102
8102810281028102028102810202810202810202810202810202810202810202
8102028102810202810281028102028102810281020281028102028102028102
0281020281028102028102028102028102028102028102028102028102028102
0281020281028102028102810281020281020281028102028102810281020281
0202810202810202810281020281020281028102028102028102028102028102
0281020281020281020281020281028102810202810281028102028102028102
0281020281028102810281020281020281020281028102028102028102028102
8102810202810202810202810281020281020281028102810281020281020281
0202810281020281020240400408080881020281020281020281020281020281
0202810202810202810202810240404081020281028102810202810202810281
0202810202810202810202810202810202810202810202810281020281020281
0281020281028102028102028102028102028102028102028102028102028102
0281020281020281020281028102028102404040040808088102028102810202
8102028102810281020281028102028102404040040808080408080804080808
0408080881020281028102810281028102810281020281020281020281020281
0202810202810202810202810202810202810202810281020281028102028102
0281028102028102810202810202810281020281020281020281020281020281
0202810202810281020281020281020281020281020281020281020281020281
0202810202810202810202810202810202810202810202810202810202810202
8102810202810202810281020281020281020281028102810281020281028102
0281020281028102810202810281020281020281020281020281020281020281
0281020281020281028102028102028102028102810202810202810202810202
8102028102028102028102810202810202810202810202810202810202810202
8102028102028102028102028102028102028102028102028102028102028102
0281020281028102810202810202810281020281020281020281020281020281
0281028102028102028102810202810202810202810202810202810202810202
8102028102028102028102810281028102810202810202810202810202810202
8102028102028102028102810202810202810202810202810202810202810202
8102028102028102810202810202810202810202810202810281020281020281
0202810202810202810202810202810202810202810202810202810202810202
8102028102028102028102028102028102028102028102028102028102028102
8102028102028102810281028102810202810281020281020281028102810281
0202810202810281028102810202810202810281020281020281028102810202
8102810281020281020281020281020281028102028102028102028102810202
8102028102028102028102028102028102028102028102810202810202810202
8102810202810202810202810202810202810202810202810202810202810202
8102028102028102028102028102810281028102810281020281028102028102
0281020281020281020281020281020281020281020281020281020281020281
0202810281020281020240404081028102810202810202810202404040810281
0202810202404040810281020281020281020240404081020281020281020281
0202810202810202810202810202810281020281020281028102028102028102
0281020281020281020281020281020281020281028102028102810281024040
8102810202810202810281020281020281020281020281020281020281024040
8102028102810202810202810281020281020281020281020281020281020281
0202810202810202810202810202810202810202810202810202810202810202
8102028102404040810202810281028102810202810202810202810202810281
0281020281028102028102408102028102028102028102028102404081020281
0202810202810202810202810202810202810240040808088102810202810202
8102028102028102028102028102028102028102810202810202810281020281
0202810202810202810202810202810202810202810202810202810202810240
8102810202810202810281020281020281020281020281020281020281024040
0408080881020281020281020281020281020281020281028102028102810202
8102028102028102810202810281020281020281020281020281020281020281
0202810202810202810202810202810202810202810202810202810204080808
0408080881020281028102810281028102810281028102028102810202810202
8102028102028102028102810202810281020281020281020281028102028102
8102028102028102028102810202810281020281020281020281028102028102
8102028102028102028102810202810202810202810281028102810202810202
8102028102810202810202810202810202810202810202810202810202810202
8102028102810202810281028102810202810202810202810202810281020281
0202810281020281028102028102810202810202810281028102028102810281
0202810202810281028102810202810202810202810202810281020281020281
0202810202810202810202810202810202810202810202810202810202810202
8102028102028102028102810281028102028102028102810202810281020281
0281028102024040810202810281028102810281028102810202810281020281
0202810202810202810202810281020281028102028102028102028102810202
8102810202810202810202810281020281028102028102028102028102810202
8102810202810202810202810281020281020281020281028102810281020281
0202810202810281020281020281020281020281020281020281020281020281
0202810202810281028102810281028102028102028102028102028102810281
0202810281028102810281020281020281020281028102028102404081020281
0202810202810202810202810202810202810202810202810202810202810281
0202810202810281024040400408080881020281020281020281020281020281
0202810202810202810281020281024004080808810281020281028102028102
8102810202810281028102400408080881020281028102810281020281020281
0202810281020281020281020281020281028102810281020281028102028102
8102028102028102028102028102810281028102028102810202810202810202
8102028102028102028102810281020281020281020281028102028102028102
0281020281020281020281020281020281020281020281020281020281020281
0202810202810202810281028102028102028102028102028102028102810281
0281020281020281020281028102028102028102028102028102810202810202
8102028102024040810281020281028102810281028102028102028102028102
0281020281020281020281020281020281020281020281020281020281020281
0202810202810202810202810202810281020281020281020281020281020281
0202810202810202810202810202810202810202810202810202810202810202
8102028102028102810202810202810202810281020281020281020281020281
0202810281028102810202810281020281020281020281020281028102028102
8102810202810281020281028102810202810202810202810281020281020281
0202810202810202810202810202810281020281020281020281020281020281
0202810202810281028102810202810202810202810202810202810202810281
0202810281020281028102028102028102028102028102810202810202810202
8102024004080808040808080408080804080808040808088102028102810281
0202810281028102810281028102810202810281020281028102810202810202
8102810281028102810202810202810281020281020281020281020281020281
0202810202810202810202810202810202810202810202810281028102028102
0281020281028102028102810281020281020281028102810281020281020281
0202810202810202810202810202810202810202810202810202810281020281
0281020281020281028102810281028102028102024040408102810202810281
0281020281020281020281028102028102810202810281020281020281028102
0281020281020281028102028102028102028102810202810202810202810202
8102028102810281020281020281020281028102028102028102810202810202
8102028102810281028102810281020281028102810281020281020281020281
0202810281020281028102028102810281020281020281028102810281020281
0202810281020281020281020281020281020281020281020281020281028102
0281020281020281020281028102810202810281028102810281020281028102
0281028102028102810281028102810281020281028102810202810202810202
8102028102028102028102028102810281028102810202810281028102028102
0281020281028102028102028102810202810281020281020281028102028102
0281020281028102028102810281028102028102810281020281020281028102
8102810202810202810281028102810202810202810281020281028102028102
0281020281020240040808080408080804080808810202810281028102810281
0281020281028102810281020281020281020281020281020281028102810202
8102028102810281020281020281020281020281028102028102028102810202
8102028102028102028102810202810281028102810202810202810281028102
8102810202810202810202810202810202810202810202810281028102028102
0281028102810281028102810202810202810281028102028102028102028102
0281020281020281020281028102028102028102028102028102028102028102
0281028102028102028102028102028102028102028102028102810202810202
8102028102028102028102028102028102810202810202810202810202810202
8102028102028102810202810202810202810202810202810202810202810281
0202810202810202810202810202810202810202810281020281020281020281
0202810202810202810202810281020281020281020281020281020281020281
0281020281028102028102028102028102028102028102028102028102810202
8102028102028102028102028102028102810202810281020281020281020281
0202810202810202810202810281020281020281020281020281020281020281
0281020281028102028102028102028102028102028102028102810202810281
0202810202810202810202810202810202810281020281028102028102028102
0281020281020281020281020281028102028102028102028102028102028102
0281028102028102810202810202810202810202810202810202810202810281
0202810202810202810202810202810202810202810281020281020281020281
0202810202810202810202810202810281020281020281020281020281020281
0202810202810281028102028102028102028102028102028102028102028102
0281020281020281020281020281020281020281020281028102028102028102
0281020281020281020281028102028102028102028102810202810202810202
8102810202810202810202810202810202810202810281020281020281020281
0202810202810202810281020281020281020281020281020281020281020281
0202810202810202810202810202810202810202810202810202810202810202
8102028102028102028102028102028102028102028102028102028102028102
0281028102810202810202810202810202810202810281028102810281028102
0281024004080808040808080408080804080808040808088102810202810281
0281028102810202810202810202810202810281020281020281028102810202
8102810202810281020281020281028102028102810202810202810281020281
0281020281028102028102810202810202810202810202810281020281020281
0281020281028102810202810202810281020281020281020281028102028102
0281020281020281020281020281020281020281028102028102028102028102
8102028102028102028102028102028102028102028102028102810202810281
0281028102028102028102810202810202810202810202810202810281020281
0202810202810281020281020281020281020281028102028102028102810202
8102028102810202810202810281028102810202810281028102810202810281
0281020281028102028102028102810281028102810202810202810202810202
8102028102028102028102028102028102028102810202810281020281028102
0281020281020281020281028102028102028102028102810281028102810202
8102024081028102810202810281024004080808810202810281028102810281
0281028102810202810202810281028102028102028102810281028102028102
8102810202810281028102810281020281020281028102028102404081028102
8102028102810240810202810281028102810202810202810281020281028102
0281024081020281028102810281020281020281028102028102028102028102
8102028102404040810202810281028102810281028102810281020281020281
0281028102028102028102810281028102028102810202810281028102810281
0281020281028102810281028102028102810202810240408102810281020281
0281024081020281028102810281020281020281028102028102028102028102
8102028102404040810202810281028102810281028102810281020281020281
0281028102028102028102810281028102028102810281020281028102810281
0281020281020281028102028102404081028102810202810281024081020281
0281028102810202810202810281020281020281020281028102028102404040
8102028102810281028102810281028102810202810202810281028102028102
0281028102810281020281028102810281020281028102408102028102810281
0281020281020281028102028102810202810240810202810281028102810202
8102028102810202810202810202810202810202810202810202810281020281
0240404081020281028102810281028102810281028102028102028102810281
0202810202810281028102810202810281028102810202810281024081020281
0281028102810202810202810281020281028102028102408102028102810281
0281020281020281028102028102028102028102810202810240404081020281
0281028102810281028102810281020281020281028102810202810202810281
0281028102028102810202810281028102810281028102028102810281028102
8102028102810202810240400408080804080808040808088102028102810281
0281020281028102028102408102028102810281028102028102810202810240
8102810202810281020281028102028102810202810202810202810281020281
0281028102028102810202810202810202810281020281020281028102810202
8102404081020281028102028102810281028102810281028102810281028102
8102810202810281028102028102028102810281020281028102028102810202
8102810202408102810202810202810281028102028102810281020281028102
0281020281020281020281020281028102028102028102028102810281020240
8102810202810202810202810281020281028102810281028102810202810202
8102810281028102810202810202810281028102810281028102810281028102
0281028102028102028102028102028102810281028102028102028102028102
0281020281020281020281020281020281020281028102810202810281020281
0281020281020281020281020281028102028102810281028102024081020281
0202810281028102810281020281028102028102810281028102810281028102
0281024081028102028102810281020281028102810281020281020281028102
0281024081028102028102028102810281028102810202810202810281020281
0240404081028102810202810281024081020281024040408102028102810281
0202810202810202810202810202810202810202810202810281028102404040
8102810202810202810202810281028102404040810202810281028102810281
0202810281020281028102810202810281028102028102408102028102810281
0281028102028102810202810281028102810281020281028102028102810281
0281028102810202810240408102028102810281028102810281028102810202
8102404081020281028102028102028102028102810202810281024081028102
0281028102810202810281028102028102028102028102408102028102810240
0081028102810202810281020281028102028102810202810202810281020281
0202810202810202810202810202810202810281020281020281020281028102
0240404081028102028102028102028102028102028102810202810281028102
8102810281028102810281020281028102028102028102028102810281028102
8102810281020281020281020281024081028102810281028102028102028102
8102028102810202810281020281024081020281020281028102028102028102
0281020281028102810202810202810281028102028102810281020281028102
8102028102810202810202810202810202810202810202810281028102028102
8102810202810281028102028102028102810281020281028102810281028102
0281020281024040810202810202810281020281020281028102028102810202
8102028102

